0 
0 
0 
0 
0 
0 
0 
0 
0 
0 
0 
0 
0.09 
0.12 
1 
1.04 
1 
1 
1 
1.05 
1.1 
1.54 
2 
2.02 
2.01 
2.11 
2.1 
2.47 
3.03 
3.03 
3.08 
3.1 
3.58 
4.01 
4.17 
4.2 
4.4 
5.04 
5.05 
5.05 
5.31 
6.02 
6.16 
6.18 
6.37 
7.04 
7.06 
7.14 
8.01 
8.02 
8.1 
8.9 
9.08 
9.32 
9.94 
10.13 
10.12 
11.02 
11.2 
11.25 
12.36 
12.18 
13.28 
13.14 
13.13 
14 
14.26 
15.02 
15.22 
15.48 
16.12 
16.3 
17.01 
17.56 
17.44 
18.21 
18.26 
19.03 
19.19 
20.09 
20.52 
21.31 
21.43 
22.03 
22.16 
23.21 
23.12 
24.01 
24.16 
25.18 
25.39 
26.25 
26.53 
27.52 
27.79 
28.3 
29.19 
29.42 
30.17 
30.43 
31.15 
31.72 
32.42 
33.12 
33.42 
34.52 
35.1 
35.39 
36.54 
36.86 
37.27 
38.25 
38.58 
39.34 
40.58 
41.04 
41.38 
42.25 
43.13 
43.3 
44.18 
45.13 
45.42 
46.59 
47.33 
48.31 
48.58 
49.7 
50.29 
50.82 
51.93 
52.42 
53.17 
54.68 
54.66 
55.91 
56.16 
57.29 
58.38 
59.04 
59.56 
60.55 
61.57 
62.15 
62.8 
64.1 
64.44 
65.32 
66.32 
67.82 
68.31 
69.2 
69.6 
70.77 
71.68 
72.72 
73.43 
74.36 
75.42 
76.48 
77.18 
78.07 
79.26 
79.85 
81.12 
82.44 
83.08 
84.59 
85.45 
86.03 
87.41 
88.61 
89.06 
90.19 
91.88 
92.55 
92.72 
94.21 
95.61 
95.85 
97.51 
97.97 
99.24 
100.24 
101.86 
102.78 
104.62 
106.77 
110.29 
109.9 
112.5 
110.21 
110.58 
111.15 
112.59 
114.21 
115.37 
116.62 
119 
