8793.08 
18819.4 
18254 
17525.2 
22862 
27798.1 
33802.5 
38981.4 
46457.3 
50579.4 
58357 
64203.9 
70510 
77291.4 
82800.1 
89301 
96426.5 
103819 
111150 
117342 
126979 
136246 
141570 
147347 
156864 
191533 
187087 
195114 
204661 
208464 
212560 
226015 
233452 
260009 
271665 
264336 
271485 
292421 
324663 
298083 
306373 
317662 
340348 
344971 
352521 
358187 
372747 
383327 
396685 
413055 
420881 
433652 
458395 
495923 
499153 
512851 
515203 
516931 
528514 
575927 
571229 
576152 
582390 
603613 
627843 
632361 
647746 
656491 
662100 
689792 
710071 
710209 
736389 
747335 
762831 
787090 
815423 
834324 
837912 
853000 
875501 
863872 
919822 
936376 
937136 
935674 
954590 
974114 
1.00361e+06 
1.02884e+06 
1.08141e+06 
1.04048e+06 
1.08126e+06 
1.13198e+06 
1.13126e+06 
1.14352e+06 
1.20147e+06 
1.22203e+06 
1.21092e+06 
1.22318e+06 
